0.7985927108675139 68.65405079626473 10
0.7892644932852924 63.939218553746954 20
0.780929537233998 70.14628490347584 30
0.7902028795964104 57.747655388024896 40
0.7906952303679317 58.198859908454665 50
0.7846726885222959 57.50746359843677 60
0.7702751045873791 62.210447049879434 70
0.7803612216934748 56.07945372770405 80
0.7616889406216941 60.5590954398873 90
0.7825045819667958 57.45602485078416 100
0.774607875325747 55.924010088340395 110
0.7775219454420397 66.11467227732598 120
0.7724779966968663 65.05256634254184 130
0.7647812844252041 61.60974518427932 140
0.7862749904190143 58.69359922660047 150
0.7745807941491635 65.720040869314 160
0.786699235967315 60.65185663884962 170
0.779989888692844 60.888066584257814 180
0.7907045079862106 65.80435892078533 190
0.7950885031778661 62.11094968747918 200
0.7842309857606558 61.55883157770725 210
0.7856087711787264 62.38136387469565 220
0.788080606912896 63.065427181870575 230
0.7816336460616446 63.60926249806998 240
0.781022455573682 61.452947312370156 250
0.7859269594925807 60.87715817097022 260
0.7869480566161408 65.14580696086281 270
0.7806102859507428 67.86027138512225 280
0.7838415312588649 63.852503027272974 290
0.7863275897471736 63.829593526512326 300
0.7786065294403492 64.45039661040857 310
0.7802021218507151 62.864005784181415 320
0.7804772940950236 65.16691518769774 330
0.7861272869664767 61.73435512344744 340
0.7795511570267925 67.76360017633476 350
0.7720943970584104 68.45970962969025 360
0.7805612785217751 65.95312663969204 370
0.7724347804742037 67.08790128618722 380
0.7746379148402378 67.44603454795791 390
0.7753225161559208 66.93794464655173 400
0.7780321967369926 65.27897600576055 10
0.787539757124062 63.6840690801625 20
0.7790739768433644 62.54811917102275 30
0.7736228606028204 61.57120681501155 40
0.7887697997814322 59.59622690765421 50
0.7842648363212467 59.96509202225846 60
0.7831605818286835 63.52204565415386 70
0.7785266321113031 61.62446153798322 80
0.7862003472073009 63.001914745573586 90
0.7780321967369926 65.27897600576055 10
0.787539757124062 63.6840690801625 20
0.7790739768433644 62.54811917102275 30
0.7736228606028204 61.57120681501155 40
0.7887697997814322 59.59622690765421 50
0.7842648363212467 59.96509202225846 60
0.7831605818286835 63.52204565415386 70
0.7785266321113031 61.62446153798322 80
0.7194232925429573 82.00065562839978 10
0.7862003472073009 63.001914745573586 90
0.7784568571100863 64.81952338568234 100
0.7896219791285541 59.398788528421974 110
0.7235291651856108 53.754177665150195 20
0.7878732112393346 64.86415416973404 120
0.7797937220408387 63.308558911475146 130
0.7727831860681645 61.21820227080539 140
0.7192510703858301 49.98181129180463 30
0.7754153343454038 67.92253286233282 150
0.7728868073917023 69.11004471014651 160
0.7638524477773004 72.01750952638409 170
0.7253346519224304 42.998772850887406 40
0.774184714577777 66.50591333298632 180
0.7830593736970971 65.59986961432853 190
0.7464001157615795 84.31356029357038 200
0.7265912510984394 52.60323945284 50
0.7924782815725752 62.02771703021301 210
0.7573506618185676 76.68130803256844 220
0.7608800071093318 69.80831877274704 230
0.730178277128467 45.736597910366044 60
0.7824742324183125 65.67309222074633 240
0.7890368838831867 71.13982045458312 250
0.777133953970999 69.06159947238156 260
0.73935559557624 42.759560861060265 70
0.7633713611983605 76.94438757434753 270
0.7879962731185426 66.01255350860805 280
0.7853681867473601 65.96653627917955 290
0.7363738762726317 39.47082418903176 80
0.7908841333003557 66.05037771499941 300
0.7884383491047863 65.57649671959886 310
0.7700066069343302 70.6583193719821 320
0.7343748728355055 42.83451882847962 90
0.7799563854018099 62.220117996202845 330
0.760290367410368 68.34871609442938 340
0.7687052287990267 69.36218730870092 350
0.7429942898565937 48.14568822232195 100
0.7848859266893021 65.49873992308446 360
0.7809360270729285 67.09527982747824 370
0.7766402983878664 66.0074382700626 380
0.7378264216217849 44.712561272129875 110
0.7694713277769714 68.79624197051733 390
0.7677195919556183 69.39195274046642 400
0.7378948734920407 37.47768819118099 120
0.7334314317110636 37.76487242230718 130
0.737620497739465 40.844746804564465 140
0.7389773702881062 33.72059839717994 150
0.734717752146872 40.10417904355779 160
0.7425510131292967 38.809365648856385 170
0.7400042298956856 38.8284242034228 180
0.7406062003797828 45.82092031427868 190
0.7451785994751209 37.482665220772645 200
0.7414679116267023 37.709469216617066 210
0.7423544747585169 34.25907551999987 220
0.747705465887956 36.26620293070272 230
0.7419924793028112 35.743978412965106 240
0.7429952541121294 34.29794515112411 250
0.7470225146994139 34.44075749988434 260
0.7471870125088313 35.42073871041566 270
0.7500346946144932 36.015613309481694 280
0.7480234296658539 33.192908997467896 290
0.7466533970001717 35.56949467275987 300
0.7483254725719465 38.18400105893764 310
0.7507192344265773 35.65674831023395 320
0.7524846864514134 35.5005976772712 330
0.7490389702101788 35.14946043566093 340
0.7473984624901855 36.747287968858416 350
0.7512554289801484 35.40320376730412 360
0.7503295636382252 36.205757225923236 370
0.7499656984736879 34.98945158985927 380
0.7493698803848882 36.30059696006481 390
0.7473496931503486 36.66765561577995 400
