0.7780321967369926 65.2790219668688 10
0.787539757124062 63.684159138295485 20
0.7790739768433644 62.54795903499803 30
0.7736228606028204 61.5712922955523 40
0.7887697997814322 59.596075605939276 50
0.7842648363212467 59.96507159913598 60
0.7831605818286835 63.52209898109351 70
0.7785266321113031 61.624692412379744 80
0.7862003472073009 63.00188862044837 90
0.7784568571100863 64.81942997245946 100
0.7896219791285541 59.39891220628991 110
0.7878732112393346 64.86388398270304 120
0.7797937220408387 63.30865288299559 130
0.7727831860681645 61.218282849178536 140
0.7754153343454038 67.92264594749531 150
0.7728868073917023 69.10984635361919 160
0.7638524477773004 72.01714500545778 170
0.774184714577777 66.50595836407709 180
0.7830593736970971 65.59992108663408 190
0.7464001157615795 84.31348680920885 200
0.7924782815725752 62.027595062442344 210
0.7573506618185676 76.68143179742593 220
0.7608800071093318 69.808827616011 230
0.7824742324183125 65.67305379202202 240
0.7890368838831867 71.13995553928434 250
0.777133953970999 69.06170980153085 260
0.7633713611983605 76.94437040466745 270
0.7879962731185426 66.01277599761045 280
0.7853681867473601 65.96664705554309 290
0.7780321967369926 65.27897600576055 10
0.787539757124062 63.6840690801625 20
0.7790739768433644 62.54811917102275 30
0.7736228606028204 61.57120681501155 40
0.7887697997814322 59.59622690765421 50
0.7842648363212467 59.96509202225846 60
0.7831605818286835 63.52204565415386 70
0.7785266321113031 61.62446153798322 80
0.7862003472073009 63.001914745573586 90
0.7784568571100863 64.81952338568234 100
0.7896219791285541 59.398788528421974 110
0.7878732112393346 64.86415416973404 120
0.7797937220408387 63.308558911475146 130
0.7727831860681645 61.21820227080539 140
0.7754153343454038 67.92253286233282 150
0.7728868073917023 69.11004471014651 160
0.7776176402345668 61.885939244556 10
0.7776176402345668 61.88570691518058 10
0.7726031208227322 67.4023644805634 20
0.7776176402345668 61.88592607938443 10
0.7726031208227322 67.40203257923673 20
0.7779878127337561 60.94284033605207 30
0.7776176402345668 61.88561929421819 10
0.7726031208227322 67.40237718037558 20
0.7779878127337561 60.942620656789344 30
0.7780935402724464 60.48150347750193 40
0.7734050467987968 57.7155642687642 50
0.7867664348631348 57.959678195643534 60
0.7067561557782164 61.712532889609605 10
0.785177991057219 58.976116436840144 70
0.7823730040445531 63.386030681523806 80
0.7767224383121899 66.73791678617292 90
0.7070272590497574 54.9165901362428 20
0.7884673975429862 59.95472765712377 100
0.7803949375382736 66.64594610159898 110
0.7748845544930086 70.30929876839906 120
0.7007357118391889 56.6670912325184 30
0.7762557217345905 68.72313988250022 130
0.7824530949227932 68.90594136361837 140
0.7733859860369053 68.08531016019487 150
0.7367881375837747 61.0951412317215 40
0.7779837589173787 67.38731539666445 160
0.7860434858221457 71.06241721462187 170
0.7812880911644267 67.60771969224704 180
0.7346457585724339 47.23676380930337 50
0.7800696891276933 69.41715371267051 190
0.7706614467930072 73.11349592201178 200
0.7773479595861204 72.86316989735434 210
0.7256804896248039 49.939704308568594 60
0.7752399558806563 68.93157511547977 220
0.7778055802422953 67.15124265103924 230
0.7707636483875798 68.94586588173644 240
0.7360312999382248 46.02063953164799 70
0.7729049094014597 69.50754914219911 250
0.7815539026298116 64.57090586044134 260
0.7753118170343397 68.2022062335165 270
0.7321153715935623 45.188009716218204 80
0.7605628343099494 140.99078602679836 280
0.754373348885046 156.54774776842697 290
0.7628695719575906 155.82700415812621 300
0.7275009518192167 40.49464300087911 90
0.7617418926388916 151.73736392035732 310
0.7467105931979556 148.57881456435484 320
0.7254073404201827 144.52007717589314 330
0.7355722793734396 42.827616900731755 100
0.7342894623404441 149.29857173223962 340
0.7393987450392282 146.27280746629143 350
0.7384718618173269 41.561574328293545 110
0.7533329222699602 146.94906769800468 360
0.7516353963164799 146.59249183110245 370
0.7506150965952879 140.43291142519007 380
0.5474281990882637 150.75682321913246 120
0.7412712436963542 143.07198566926542 390
0.7400989090278614 142.9791658182637 400
0.502592193941687 158.5832987315134 130
0.4881993690955191 155.45076756933588 140
0.4878488768427022 159.59860956400215 150
0.5109160193002854 163.88370142520054 160
0.5177130673885805 154.566057603184 170
0.49854991219230826 166.82998304362246 180
0.5112908655402175 132.76054924586063 190
0.5479127888421768 156.46318291902833 200
0.5399129679739582 145.83148750531706 210
0.5412560335162037 159.00495912549013 220
0.5538684309110592 154.9441062659505 230
0.5355933907189014 156.60062803426982 240
0.5282177615190886 151.87535674596108 250
0.5305916765086267 150.67204143532086 260
0.5548752462320309 146.52443677019912 270
0.5535608242707435 139.0052024586692 280
0.5275351024578153 143.06144586429284 290
0.5287226862537192 151.85219092123174 300
0.5281689115984027 138.95489890665402 310
0.5362382184834277 137.51108009382932 320
0.5283396894525424 147.90813712071886 330
0.5114547761478249 145.21103138085778 340
0.48784798452403333 145.7643843372876 350
0.4861895553318632 145.97315845528055 360
0.4942635332002822 151.15559706171388 370
0.4807361934069846 143.1588607881136 380
0.49965965219505015 143.9721587685533 390
0.4958263366337682 143.55477081787683 400
